P = 450000;
n = 30;
r = 0.042;

M = P*((r/12*(1+r/12)^(12*n))/((1+r/12)^(12*n)-1))