V = 15;
R1 = 119.8;
R2 = 120.5;
R3 = 121.2;
R4 = 119.3;

c = R2/R1;
d = R3/R4;

Vab = V*(c-d)/((c+1)*(d+1))