V1 = 36;
V2 = 28;
V3 = 24;
R1 = 400;
R2 = 200;
R3 = 600;

Vout = (V1/R1+V2/R2+V3/R3)/(1/R1+1/R2+1/R3)