R1 = 200;
R2 = 140;
R3 = 80;
R4 = 250;

Req = R1*R2/(R1+R2)+R3*R4/(R3+R4)