% Sol (a)

z = 4.5;

0.4*z^4+3.1*z^2-162.3*z-80.7

% Sol (b)

(z^3-23)/((z^2+17.5)^(1/3))
